{
  "advancedEditorSelectedIdentifier" : "ProjectBrowser",
  "openSceneRelativePaths" : [
    "Scene.usda"
  ],
  "recentIdentifiers" : {
    "26DBAE76-5DD8-47B6-A085-1B4ADA111097" : [

    ]
  },
  "sceneCameraHistory" : {
    "26DBAE76-5DD8-47B6-A085-1B4ADA111097" : [
      {
        "date" : 736691190.491799,
        "title" : "Untitled",
        "transform" : [
          0.99840134,
          -1.1398519e-08,
          -0.056521565,
          0,
          -0.0173237,
          0.9518711,
          -0.3060087,
          0,
          0.053801198,
          0.30649886,
          0.9503494,
          0,
          0.059654213,
          0.8027636,
          -0.56223094,
          1
        ]
      },
      {
        "date" : 736691181.997866,
        "title" : "Untitled",
        "transform" : [
          0.9995659,
          -1.1081379e-08,
          -0.02946021,
          0,
          0.0042781867,
          0.98939997,
          0.14515315,
          0,
          0.029147884,
          -0.14521602,
          0.98897046,
          0,
          0.11104455,
          0.29693967,
          0.22998962,
          1
        ]
      },
      {
        "date" : 736691178.621524,
        "title" : "Untitled",
        "transform" : [
          0.9995659,
          -1.1081379e-08,
          -0.02946021,
          0,
          0.0042781867,
          0.98939997,
          0.14515315,
          0,
          0.029147884,
          -0.14521602,
          0.98897046,
          0,
          0.059507765,
          0.6579587,
          -0.9840025,
          1
        ]
      },
      {
        "date" : 736691089.529563,
        "title" : "Untitled",
        "transform" : [
          0.9995659,
          -1.1081379e-08,
          -0.02946021,
          0,
          0.0042781867,
          0.98939997,
          0.14515315,
          0,
          0.029147884,
          -0.14521602,
          0.98897046,
          0,
          0.09878587,
          0.74316,
          -0.30148125,
          1
        ]
      },
      {
        "date" : 736690463.48193,
        "title" : "Untitled",
        "transform" : [
          0.99991524,
          -1.1395909e-08,
          -0.013020307,
          0,
          -0.004538599,
          0.9372771,
          -0.34855565,
          0,
          0.012203595,
          0.3485853,
          0.9371976,
          0,
          0.06446457,
          1.3966117,
          -0.55785775,
          1
        ]
      },
      {
        "date" : 736690461.598579,
        "title" : "Untitled",
        "transform" : [
          0.99991524,
          -1.1395909e-08,
          -0.013020307,
          0,
          -0.004538599,
          0.9372771,
          -0.34855565,
          0,
          0.012203595,
          0.3485853,
          0.9371976,
          0,
          0.22221589,
          1.2839236,
          -0.5179982,
          1
        ]
      },
      {
        "date" : 736665591.313372,
        "title" : "Untitled",
        "transform" : [
          0.99991524,
          -1.1395909e-08,
          -0.013020307,
          0,
          -0.004538599,
          0.9372771,
          -0.34855565,
          0,
          0.012203595,
          0.3485853,
          0.9371976,
          0,
          0.08880066,
          1.4179459,
          -0.5661092,
          1
        ]
      },
      {
        "date" : 736665542.297221,
        "title" : "Untitled",
        "transform" : [
          0.99991524,
          -1.1395909e-08,
          -0.013020307,
          0,
          -0.004538599,
          0.9372771,
          -0.34855565,
          0,
          0.012203595,
          0.3485853,
          0.9371976,
          0,
          0.105641365,
          1.898987,
          0.7272051,
          1
        ]
      },
      {
        "date" : 736665515.767714,
        "title" : "Untitled",
        "transform" : [
          0.99991524,
          -1.1395909e-08,
          -0.013020307,
          0,
          -0.004538599,
          0.9372771,
          -0.34855565,
          0,
          0.012203595,
          0.3485853,
          0.9371976,
          0,
          0.12988463,
          2.1512809,
          1.3284934,
          1
        ]
      },
      {
        "date" : 736665509.431165,
        "title" : "Untitled",
        "transform" : [
          0.99991524,
          -1.1395909e-08,
          -0.013020307,
          0,
          -0.004538599,
          0.9372771,
          -0.34855565,
          0,
          0.012203595,
          0.3485853,
          0.9371976,
          0,
          0.10205274,
          1.3562855,
          -0.808909,
          1
        ]
      }
    ]
  }
}